136824975
137285946
138692574
142869357
146392857
146825397
147382596
147925863
148397526
152693847
157263948
157938246
157942863
159268374
159642837
162974835
164279358
164283975
168374295
168524973
169528374
174692538
174835926
174839625
175829364
184279635
185369247
185397246
241796358
247139685
248396157
249731685
249753168
257138649
257413968
257936418
257948136
258136974
258196374
258693147
258693174
259418637
261379485
261748359
261753948
261958473
263184975
269358417
275194683
275814639
279631485
281479635
285396417
286931475
295384716
296358147
296374185
296471358
314792586
316852497
317286495
317582469
318497526
319752864
352814796
352817469
357142869
358296174
358297146
359247186
359417268
362714859
362951847
368147529
368159247
368249751
368519724
368529741
369184275
369257418
369281475
369581427
369714258
369724815
369741825
372481596
372859164
372864159
374295186
374296158
374859162
379152864
379425861
382497516
384792516
386192574
386491572
386925147
392581746
394186275
394286175
394852617
396257148
396417528
396824175
413692857
415297386
415827369
415926837
417926835
419637285
425813697
427318596
427915863
427918536
428397516
429368157
429518637
461528379
461958273
461973825
463925817
463928571
463971825
468251973
468257913
468271359
468317529
469318257
471396852
471692853
471852936
473691852
473825961
473861925
473862951
475291386
475291683
475296831
479258136
479261358
479631852
481572639
485316297
485317269
493627518
495316827
495317286
495813627
516428397
518427963
518637249
524179368
524973168
526137948
526938471
526974138
528147963
528179364
528374196
528379164
529168374
529637418
531629748
531682479
531728649
536928147
536971428
536972481
536974182
538429617
538479261
538629147
538629714
539428617
539682417
571428693
571682493
572481396
572481963
572631849
572681493
574136928
574138629
574139682
574182963
579382461
579428631
579481362
581473692
581942736
582731946
582736914
582931746
582963147
584136972
584172639
584973162
586137942
586931742
592473861
592683147
594682713
615297483
615793824
615794283
617483592
625793841
625794813
629538471
631479258
631849752
631852974
635814279
635819427
635819724
637248159
637249185
637285149
637419258
639258174
639418257
639714258
641792853
642793581
642839751
642853197
642859137
647139285
647182539
647185293
649137285
649152837
649582731
681592473
681742953
682713594
683192574
683195247
683792514
685297413
691473825
693184275
695184273
695283741
695813724
697418253
714286935
714693582
714853962
716258493
716824935
716924835
718529364
724185963
724619538
724918536
726318594
728613594
731685249
731958246
736251948
736814952
736815924
738246951
738251946
738629514
741369285
741386295
741396852
741529683
741829635
741853692
741926835
742581369
742591386
742861359
742951863
742963581
748159263
748396251
751693842
751863924
752813964
752814936
753968241
758293641
758296314
791358246
792613584
793528641
793824615
794258613
796318524
814639752
814736925
814752963
815726394
824179635
825714693
829631475
831479625
835296471
835916427
841752693
847926135
849152637
849357162
849362751
849731625
851692473
852417936
852417963
852914736
852974136
853162974
853174692
853697142
853972461
861357942
861379425
862714953
863971425
869314752
925713864
925741863
926831475
935281746
936271485
936275184
936418572
941582736
942586137
942736815
946827135
946831752
948136275
951468273
951842736
953168247
953172864
953847162
958417263
962713584
963185247
963728514
964285713
964718253
968241753
972418536
973825164
974286135